11111111 11111111 11111111 11111111 11111111 11111111
00001100 11100011 00111101 00010001 00000000 00000000
10000001 00000000 00000000 01100100
00001000 00000000
01000110 00000000 00000000 00111100
01001000 01001001
01000000 00000000
01000001
00000110
00000000 00000000
11000000 10101000 00000000 11111100
11000000 10101000 00000000 11111000
00000101 00111001
00000001 10111011
01010100 01001000 01010000 00110001
00000000 00000000
01010000 00000010
00010011 10001000
00000000 00000000
00000000 00000000
